list.ALLlabels = [1;
2;
3;
4;
5;
6;
7;
8;
9;
10;
11;
12;
13;
14;
15;
16;
17;
18;
19;
20;
21;
22;
23;
24;
25;
26;
27;
28;
29;
30;
31;
32;
33;
34;
35;
36;
37;
38;
39;
40;
41;
42;
43;
44;
45;
46;
47;
48;
49;
50;
51;
52;
53;
54;
55;
56;
57;
58;
59;
60;
61;
62;
63;
64;
65;
66;
67;
68;
69;
70;
71;
72;
73;
74;
75;
76;
77;
78;
79;
80;
81;
82;
83;
84;
85;
86;
87;
88;
89;
90;
91;
92;
93;
94;
95;
96;
97;
98;
99;
100;
101;
102;
103;
104;
105;
106;
107;
108;
109;
110;
111;
112;
113;
114;
115;
116;
117;
118;
119;
120;
121;
122;
123;
124;
125;
126;
127;
128;
129;
130;
131;
132;
133;
134;
135;
136;
137;
138;
139;
140;
141;
142;
143;
144;
145;
146;
147;
148;
149;
150;
151;
152;
153;
154;
155;
156;
157;
158;
159;
160;
161;
162;
163;
164;
165;
166;
167;
168;
169;
170;
171;
172;
173;
174;
175;
176;
177;
178;
179;
180;
181;
182;
183;
184;
185;
186;
187;
188;
189;
190;
191;
192;
193;
194;
195;
196;
197;
198;
199;
200;
201;
202;
203;
204;
205;
206;
207;
208;
209;
210;
211;
212;
213;
214;
215;
216;
217;
218;
219;
220;
221;
222;
223;
224;
225;
226;
227;
228;
229;
230;
231;
232;
233;
234;
235;
236;
237;
238;
239;
240;
241;
242;
243;
244;
245;
246;
247;
248;
249;
250;
251;
252;
253;
254;
255;
256;
257;
258;
259;
260;
261;
262;
263;
264;
265;
266;
267;
268;
269;
270;
271;
272;
273;
274;
275;
276;
277;
278;
279;
280;
281;
282;
283;
284;
285;
286;
287;
288;
289;
290;
291;
292;
293;
294;
295;
296;
297;
298;
299;
300;
301;
302;
303;
304;
305;
306;
307;
308;
309;
310;
311;
312;
313;
314;
315;
316;
317;
318;
319;
320;
321;
322;
323;
324;
325;
326;
327;
328;
329;
330;
331;
332;
333;
334;
335;
336;
337;
338;
339;
340;
341;
342;
343;
344;
345;
346;
347;
348;
349;
350;
351;
352;
353;
354;
355;
356;
357;
358;
359;
360;
361;
362;
363;
364;
365;
366;
367;
368;
369;
370;
371;
372;
373;
374;
375;
376;
377;
378;
379;
380;
381;
382;
383;
384;
385;
386;
387;
388;
389;
390;
391;
392;
393;
394;
395;
396;
397;
398;
399;
400;
401;
402;
403;
404;
405;
406;
407;
408;
409;
410;
411;
412;
413;
414;
415;
416;
417;
418;
419;
420;
421;
422;
423;
424;
425;
426;
427;
428;
429;
430;
431;
432;
433;
434;
435;
436;
437;
438;
439;
440;
441;
442;
443;
444;
445;
446;
447;
448;
449;
450;
451;
452;
453;
454;
455;
456;
457;
458;
459;
460;
461;
462;
463;
464;
465;
466;
467;
468;
469;
470;
471;
472;
473;
474;
475;
476;
477;
478;
479;
480;
481;
482;
483;
484;
485;
486;
487;
488;
489;
490;
491;
492;
493;
494;
495;
496;
497;
498;
499;
500;
501;
502;
503;
504;
505;
506;
507;
508;
509;
510;
511;
512;
513;
514;
515;
516;
517;
518;
519;
520;
521;
522;
523;
524;
525;
526;
527;
528;
529;
530;
531;
532;
533;
534;
535;
536;
537;
538;
539;
540;
541;
542;
543;
544;
545;
546;
547;
548;
549;
550;
551;
552;
553;
554;
555;
556;
557;
558;
559;
560;
561;
562;
563;
564;
565;
566;
567;
568;
569;
570;
571;
572;
573;
574;
575;
576;
577;
578;
579;
580;
581;
582;
583;
584;
585;
586;
587;
588;
589;
590;
591;
592;
593;
594;
595;
596;
597;
598;
599;
600;
601;
602;
603;
604;
605;
606;
607;
608;
609;
610;
611;
612;
613;
614;
615;
616;
617;
618;
619;
620;
621;
622;
623;
624;
625;
626;
627;
628;
629;
630;
631;
632;
633;
634;
635;
636;
637;
638;
639;
640;
641;
642;
643;
644;
645;
646;
647;
649;
650;
651;
652;
653;
654;
655;
656;
657;
];
list.ALLnames = ['Sample001/img001-001'
'Sample002/img002-001'
'Sample003/img003-001'
'Sample004/img004-001'
'Sample005/img005-001'
'Sample006/img006-001'
'Sample007/img007-001'
'Sample008/img008-001'
'Sample009/img009-001'
'Sample010/img010-001'
'Sample011/img011-001'
'Sample012/img012-001'
'Sample013/img013-001'
'Sample014/img014-001'
'Sample015/img015-001'
'Sample016/img016-001'
'Sample017/img017-001'
'Sample018/img018-001'
'Sample019/img019-001'
'Sample020/img020-001'
'Sample021/img021-001'
'Sample022/img022-001'
'Sample023/img023-001'
'Sample024/img024-001'
'Sample025/img025-001'
'Sample026/img026-001'
'Sample027/img027-001'
'Sample028/img028-001'
'Sample029/img029-001'
'Sample030/img030-001'
'Sample031/img031-001'
'Sample032/img032-001'
'Sample033/img033-001'
'Sample034/img034-001'
'Sample035/img035-001'
'Sample036/img036-001'
'Sample037/img037-001'
'Sample038/img038-001'
'Sample039/img039-001'
'Sample040/img040-001'
'Sample041/img041-001'
'Sample042/img042-001'
'Sample043/img043-001'
'Sample044/img044-001'
'Sample045/img045-001'
'Sample046/img046-001'
'Sample047/img047-001'
'Sample048/img048-001'
'Sample049/img049-001'
'Sample050/img050-001'
'Sample051/img051-001'
'Sample052/img052-001'
'Sample053/img053-001'
'Sample054/img054-001'
'Sample055/img055-001'
'Sample056/img056-001'
'Sample057/img057-001'
'Sample058/img058-001'
'Sample059/img059-001'
'Sample060/img060-001'
'Sample061/img061-001'
'Sample062/img062-001'
'Sample063/img063-001'
'Sample064/img064-001'
'Sample065/img065-001'
'Sample066/img066-001'
'Sample067/img067-001'
'Sample068/img068-001'
'Sample069/img069-001'
'Sample070/img070-001'
'Sample071/img071-001'
'Sample072/img072-001'
'Sample073/img073-001'
'Sample074/img074-001'
'Sample075/img075-001'
'Sample076/img076-001'
'Sample077/img077-001'
'Sample078/img078-001'
'Sample079/img079-001'
'Sample080/img080-001'
'Sample081/img081-001'
'Sample082/img082-001'
'Sample083/img083-001'
'Sample084/img084-001'
'Sample085/img085-001'
'Sample086/img086-001'
'Sample087/img087-001'
'Sample088/img088-001'
'Sample089/img089-001'
'Sample090/img090-001'
'Sample091/img091-001'
'Sample092/img092-001'
'Sample093/img093-001'
'Sample094/img094-001'
'Sample095/img095-001'
'Sample096/img096-001'
'Sample097/img097-001'
'Sample098/img098-001'
'Sample099/img099-001'
'Sample100/img100-001'
'Sample101/img101-001'
'Sample102/img102-001'
'Sample103/img103-001'
'Sample104/img104-001'
'Sample105/img105-001'
'Sample106/img106-001'
'Sample107/img107-001'
'Sample108/img108-001'
'Sample109/img109-001'
'Sample110/img110-001'
'Sample111/img111-001'
'Sample112/img112-001'
'Sample113/img113-001'
'Sample114/img114-001'
'Sample115/img115-001'
'Sample116/img116-001'
'Sample117/img117-001'
'Sample118/img118-001'
'Sample119/img119-001'
'Sample120/img120-001'
'Sample121/img121-001'
'Sample122/img122-001'
'Sample123/img123-001'
'Sample124/img124-001'
'Sample125/img125-001'
'Sample126/img126-001'
'Sample127/img127-001'
'Sample128/img128-001'
'Sample129/img129-001'
'Sample130/img130-001'
'Sample131/img131-001'
'Sample132/img132-001'
'Sample133/img133-001'
'Sample134/img134-001'
'Sample135/img135-001'
'Sample136/img136-001'
'Sample137/img137-001'
'Sample138/img138-001'
'Sample139/img139-001'
'Sample140/img140-001'
'Sample141/img141-001'
'Sample142/img142-001'
'Sample143/img143-001'
'Sample144/img144-001'
'Sample145/img145-001'
'Sample146/img146-001'
'Sample147/img147-001'
'Sample148/img148-001'
'Sample149/img149-001'
'Sample150/img150-001'
'Sample151/img151-001'
'Sample152/img152-001'
'Sample153/img153-001'
'Sample154/img154-001'
'Sample155/img155-001'
'Sample156/img156-001'
'Sample157/img157-001'
'Sample158/img158-001'
'Sample159/img159-001'
'Sample160/img160-001'
'Sample161/img161-001'
'Sample162/img162-001'
'Sample163/img163-001'
'Sample164/img164-001'
'Sample165/img165-001'
'Sample166/img166-001'
'Sample167/img167-001'
'Sample168/img168-001'
'Sample169/img169-001'
'Sample170/img170-001'
'Sample171/img171-001'
'Sample172/img172-001'
'Sample173/img173-001'
'Sample174/img174-001'
'Sample175/img175-001'
'Sample176/img176-001'
'Sample177/img177-001'
'Sample178/img178-001'
'Sample179/img179-001'
'Sample180/img180-001'
'Sample181/img181-001'
'Sample182/img182-001'
'Sample183/img183-001'
'Sample184/img184-001'
'Sample185/img185-001'
'Sample186/img186-001'
'Sample187/img187-001'
'Sample188/img188-001'
'Sample189/img189-001'
'Sample190/img190-001'
'Sample191/img191-001'
'Sample192/img192-001'
'Sample193/img193-001'
'Sample194/img194-001'
'Sample195/img195-001'
'Sample196/img196-001'
'Sample197/img197-001'
'Sample198/img198-001'
'Sample199/img199-001'
'Sample200/img200-001'
'Sample201/img201-001'
'Sample202/img202-001'
'Sample203/img203-001'
'Sample204/img204-001'
'Sample205/img205-001'
'Sample206/img206-001'
'Sample207/img207-001'
'Sample208/img208-001'
