function [Attributes, Classifications] = mendez()

RAW_DATA = [1.00        0.00    0.00    0.00    0.12    0.00    0.14    0.14    0.12    0.25    0.07    0.30    0.00    1.00    0.23    0.00    0.15    0.27    0.35    0.26    0;
0.83    0.00    1.00    -1.00   0.33    0.08    0.24    0.31    0.14    0.31    0.07    0.43    0.00    1.00    0.26    0.11    0.28    0.27    0.35    0.26    0;
0.72    0.00    0.00    0.00    0.18    0.00    0.34    0.28    0.09    0.38    0.07    0.38    0.00    1.00    0.21    0.14    0.15    0.27    0.21    0.10    0;
0.85    0.00    1.00    -1.00   0.28    0.00    0.20    0.25    0.15    0.31    0.50    0.38    0.00    1.00    0.31    0.00    0.28    0.22    0.21    0.26    0;
0.80    0.00    1.00    -1.00   0.39    0.85    0.27    0.31    0.22    0.92    0.07    1.00    -1.00   -1.00   0.33    0.70    0.22    0.10    0.11    0.48    0;
0.90    0.00    1.00    -1.00   0.25    0.00    0.65    0.78    0.04    0.40    0.07    0.38    0.00    1.00    0.42    0.00    0.28    0.27    0.35    0.26    0;
0.76    0.00    1.00    -1.00   0.41    0.13    0.19    0.25    0.25    0.51    0.07    0.50    0.00    1.00    0.28    0.20    0.38    0.17    0.07    0.40    0;
0.83    0.00    1.00    -1.00   0.11    0.00    0.18    0.22    0.12    0.54    0.17    0.63    0.00    1.00    0.48    0.11    0.19    0.44    0.36    0.19    0;
0.86    0.00    1.00    -1.00   0.19    0.09    0.16    0.22    0.12    0.51    0.17    0.63    -1.00   -1.00   0.44    0.00    0.28    0.22    0.18    0.26    0;
0.88    0.00    1.00    -1.00   0.07    0.46    0.05    0.06    0.15    0.55    0.07    0.63    -1.00   -1.00   0.01    0.60    0.28    0.03    0.04    0.26    0;
0.73    0.00    1.00    0.00    0.10    0.00    0.12    0.19    0.07    0.45    0.07    0.38    -1.00   1.00    0.55    0.00    0.63    0.25    0.25    0.22    0;
0.60    0.00    1.00    -1.00   0.18    0.08    0.14    0.14    0.17    0.67    0.07    0.75    -1.00   1.00    0.19    0.50    0.26    0.24    0.25    0.26    0;
0.22    0.00    1.00    -1.00   0.52    0.00    0.30    0.33    0.20    0.34    0.17    0.38    -1.00   1.00    0.34    0.00    0.49    0.31    0.21    0.17    0;
0.68    0.00    1.00    -1.00   0.47    0.02    0.12    0.14    0.66    0.43    0.07    0.50    -1.00   1.00    0.25    0.40    0.29    0.12    0.11    0.70    0;
0.53    0.00    1.00    -1.00   0.64    0.31    0.20    0.34    0.25    0.63    0.07    0.75    -1.00   1.00    0.45    0.14    0.28    0.15    0.18    0.38    0;
0.88    0.00    1.00    1.00    0.12    0.05    0.08    0.08    0.22    0.72    0.07    0.63    -1.00   1.00    0.29    0.20    0.15    0.22    0.18    0.16    0;
0.33    0.00    1.00    -1.00   0.30    0.54    0.16    0.11    0.19    0.49    0.07    0.50    -1.00   -1.00   0.05    0.60    0.28    0.05    0.07    0.26    0;
0.70    0.00    1.00    -1.00   0.08    0.03    0.10    0.14    0.11    0.28    0.17    0.30    -1.00   1.00    0.27    0.11    0.54    0.15    0.14    0.30    0;
0.72    0.00    1.00    -1.00   0.09    0.00    0.06    0.11    0.12    0.57    0.07    0.44    -1.00   1.00    0.14    0.20    0.57    0.05    0.04    1.00    0;
0.80    0.00    1.00    -1.00   0.39    0.85    0.27    0.31    0.22    0.92    0.07    1.00    -1.00   -1.00   0.33    0.70    0.22    0.10    0.11    0.48    0;
0.74    0.00    1.00    -1.00   0.26    0.00    0.10    0.11    0.29    0.50    0.07    0.63    -1.00   1.00    0.37    0.10    0.31    0.14    0.14    0.29    0;
0.52    0.00    1.00    -1.00   0.14    1.00    0.15    0.22    0.22    0.52    0.07    0.50    -1.00   1.00    0.37    0.10    0.51    0.14    0.07    0.71    0;
0.53    1.00    1.00    -0.80   0.19    0.00    0.12    0.08    0.65    0.55    0.07    0.50    -1.00   1.00    0.19    0.28    0.44    0.10    0.07    0.26    0;
0.86    0.00    1.00    -1.00   0.15    0.02    0.09    0.14    0.26    0.53    0.07    0.38    0.00    1.00    0.25    0.29    0.29    0.15    0.18    0.26    0;
0.34    0.00    1.00    -1.00   0.36    0.15    0.27    0.33    0.17    0.56    0.07    0.63    -1.00   1.00    0.77    0.11    0.44    0.25    0.14    0.51    0;
0.62    0.00    1.00    -1.00   0.06    0.46    0.05    0.06    0.13    0.43    0.17    0.50    -1.00   -1.00   0.06    0.46    0.28    0.07    0.07    0.08    0;
0.40    0.00    1.00    -1.00   0.25    0.11    0.10    0.08    0.36    0.55    0.07    0.63    -1.00   -1.00   0.32    0.46    0.34    0.10    0.07    0.37    0;
0.63    0.00    1.00    -1.00   0.16    0.46    0.11    0.13    0.19    0.45    0.53    0.38    -1.00   -1.00   0.31    0.28    0.38    0.17    0.07    0.20    0;
0.63    0.00    1.00    -1.00   0.03    0.38    0.03    0.06    0.10    0.38    0.07    0.44    -1.00   1.00    0.13    0.40    0.51    0.15    0.07    0.15    0;
0.83    0.00    1.00    -1.00   0.05    0.15    0.09    0.08    0.22    0.39    0.07    0.38    -1.00   1.00    0.41    0.11    0.04    0.29    0.36    0.11    0;
0.69    0.00    1.00    -1.00   0.24    0.00    0.20    0.22    0.15    0.48    0.07    0.44    0.00    1.00    0.31    0.11    0.22    0.46    0.46    0.26    0;
0.81    0.00    1.00    -1.00   0.27    0.31    0.09    0.11    0.61    0.35    0.33    0.38    0.00    -1.00   0.37    0.11    0.44    0.10    0.07    0.31    0;
1.00    0.00    0.00    0.00    0.12    0.00    0.14    0.14    0.12    0.25    0.07    0.30    0.00    1.00    0.23    0.00    0.15    0.27    0.35    0.26    0;
0.56    0.00    1.00    -1.00   0.53    0.28    0.34    0.44    0.17    0.71    0.17    0.75    -1.00   1.00    0.67    0.10    0.25    0.37    0.39    0.26    0;
0.66    0.00    1.00    -1.00   0.63    0.15    0.40    0.58    0.14    0.66    0.17    0.75    -1.00   -1.00   0.43    0.40    0.28    0.46    0.50    0.24    0;
0.81    0.00    1.00    0.00    0.08    0.08    0.26    0.22    0.05    0.47    0.07    0.50    -1.00   1.00    0.41    0.11    0.22    0.32    0.43    0.10    0;
0.65    0.00    1.00    -1.00   0.17    0.03    0.13    0.17    0.21    0.25    0.33    0.34    0.00    1.00    0.34    0.00    0.38    0.22    0.14    0.23    0;
0.66    0.00    1.00    -1.00   0.19    0.03    0.14    0.25    0.11    0.41    0.07    0.38    -1.00   1.00    0.25    0.12    0.20    0.22    0.32    0.08    0;
0.67    0.00    1.00    0.00    0.07    0.00    0.14    0.14    0.07    0.45    0.40    0.50    0.00    1.00    0.54    0.00    0.28    0.27    33.50   0.26    0;
0.76    1.00    1.00    1.00    0.12    0.00    0.27    0.28    0.10    0.31    0.33    0.25    0.00    1.00    0.33    0.00    0.49    0.25    0.29    0.26    0;
0.64    0.00    1.00    -1.00   0.27    0.10    0.21    0.26    0.19    0.68    0.17    0.63    -1.00   1.00    0.42    0.20    0.18    0.17    0.18    0.29    0;
0.81    0.00    1.00    -1.00   0.19    0.00    0.20    0.25    0.14    0.34    0.33    0.38    0.00    0.00    0.26    0.04    0.29    0.27    0.35    0.26    0;
0.72    0.00    1.00    -1.00   0.20    0.00    0.13    0.22    0.12    0.36    0.27    0.44    0.00    1.00    0.35    0.00    0.28    0.17    0.18    0.19    0;
0.86    0.00    1.00    -1.00   0.09    0.08    0.10    0.14    0.10    0.56    0.07    0.63    0.00    1.00    0.46    0.11    0.28    0.19    0.21    0.26    0;
0.80    0.00    1.00    -1.00   0.05    0.00    0.10    0.14    0.10    0.73    0.07    0.50    0.00    1.00    0.59    0.11    0.26    0.42    0.36    0.26    0;
0.57    0.00    1.00    -1.00   0.85    0.15    0.64    1.00    0.15    0.64    0.07    0.50    -1.00   1.00    0.58    0.00    0.20    0.31    0.36    0.28    0;
0.83    0.00    1.00    -1.00   0.17    0.00    0.20    0.25    0.09    0.33    0.60    0.30    -1.00   -1.00   0.18    0.00    0.28    0.17    0.14    0.11    0;
0.85    0.00    1.00    -1.00   0.09    0.04    0.11    0.08    0.28    0.26    0.07    0.25    0.00    1.00    0.24    0.11    0.18    0.20    0.11    0.19    0;
